[13:57:31.976]01 69 32 30 31 30 33 03 ยกรต
[13:57:32.227]01 69 32 30 31 30 33 32 34 31 30 32 35 31 34 32 38 30 33 23 30 30 30 30 30 37 34 36 34 42 31 39 
[13:57:32.274]45 46 34 36 34 44 42 30 33 35 43 36 34 42 31 39 45 46 34 34 38 39 31 44 42 41 34 32 42 37 37 31 41 41 34 31 46 31 38 35 31 46 34 33 42 30 30 42 41 33 / 26 26 / 45 45 31 43 / 03


command format = 01 69 32 30 31 30 33 03   for tank 3
Reply Data Format =  i20103241025143203#000007464B21D9464DBA2CC64B21D9448921CB42B7B33341F1C28F43B06BA6&&EE34

SOX

i201
03
24  YY
10  MM
25  DD
14  Hour
32  Min
03  Tank number
#000007  product code

464B21D9
464DBA2C
C64B21D9
448921CB
42B7B333
41F1C28F
43B06BA6

&&
EE34

EOT


data converter = https://www.h-schmidt.net/FloatConverter/IEEE754.html

